native    : 11.139056s
vectorized: 0.139282s
arrays equal!
